486 289 147 7.5629
487 289 150 5.3421
488 289 153 2.9741
489 289 153 1.3264
490 287 171 1.8554
491 287 168 0.4267
492 286 174 0.79746
493 283 0 4.2534
494 284 177 1.2168
495 283 177 1.5839
497 280 177 1.8572
498 279 177 1.822
499 279 0 2.0384
500 277 0 2.7939
501 277 0 1.5661
502 274 177 7.2184
504 274 177 2.5194
506 271 3 4.8932
507 271 3 2.4638
509 269 9 2.5497
510 269 9 0.92519
511 268 12 0.68867
512 266 33 2.3977
513 266 33 1.0031
514 266 33 2.1963
515 266 36 4.3063
516 265 51 4.951
517 265 51 6.998
542 96 102 8.6094
543 96 114 6.7827
544 96 129 5.5913
545 96 144 5.5297
546 96 153 6.7653
547 92 159 2.9927
548 92 162 0.6237
549 91 171 0.42944
550 90 177 0.88604
553 85 3 5.9257
554 85 3 3.2817
555 85 3 1.1646
556 84 3 1.3102
557 84 3 1.165
558 82 3 1.3434
559 81 3 1.2502
560 81 6 2.0149
561 77 6 5.2687
562 77 6 2.6203
563 74 6 7.7105
564 76 6 1.9278
565 74 3 3.9411
566 74 3 2.4622
568 74 0 3.6017
569 74 0 5.4668
570 70 177 3.2657
571 70 177 1.7875
572 68 177 3.7275
573 67 177 3.9597
574 66 0 4.194
575 67 177 1.5281
576 65 0 2.2688
577 63 177 4.7629
578 63 177 2.4881
579 62 0 2.5423
580 62 177 0.92536
581 61 0 0.85496
582 59 0 2.4264
583 59 0 0.79533
584 58 0 0.8141
585 57 0 0.8806
586 55 0 1.7012
587 54 0 1.4623
588 54 0 1.3333
589 51 0 3.2936
590 50 0 3.0964
591 50 0 0.74433
592 47 0 5.1479
593 47 0 2.6535
594 45 0 4.8855
595 45 0 2.4182
596 44 0 2.2882
597 44 0 0.78329
598 43 0 0.85819
599 41 0 2.03
600 40 0 1.9045
601 41 0 3.2129
602 39 0 1.0311
603 36 177 3.6642
604 36 177 1.3213
605 36 177 1.2564
606 31 174 7.7246
607 31 174 5.417
608 31 174 3.1455
609 31 174 0.92296
610 30 174 0.96447
611 26 177 7.512
612 27 174 3.1624
613 26 174 3.3155
614 24 177 5.7108
615 24 177 2.8894
616 20 0 8.5677
617 20 0 5.9071
618 21 0 1.6268
619 21 177 1.6238
620 19 177 1.5446
627 12 75 4.2802
1284 794 108 4.3892
1285 794 108 2.9995
1286 794 108 2.8517
1287 792 135 6.3993
1288 790 108 9.7962
